CHS21.3x3.2:0.00143
CHS26.9x3.2:0.00187
CHS33.7x2.6:0.00199
CHS33.7x3:0.002270173
CHS33.7x3.2:0.00241
CHS33.7x3.6:0.002670963
CHS33.7x4:0.00293
CHS42.4x2.6:0.00255
CHS42.4x3:0.002913512
CHS42.4x3.2:0.00309
CHS42.4x3.6:0.003442971
CHS42.4x4:0.00379
CHS48.3x2.5:0.00293
CHS48.3x3:0.003349799
CHS48.3x3.2:0.00356
CHS48.3x3.6:0.003966519
CHS48.3x4:0.00437
CHS48.3x5:0.00534
CHS60.3x2.5:0.00379
CHS60.3x3:0.004237163
CHS60.3x3.2:0.00451
CHS60.3x3.6:0.005031355
CHS60.3x4:0.00555
CHS60.3x5:0.00682
CHS76.1x2.5:0.004535416
CHS76.1x3:0.005405526
CHS76.1x3.2:0.00575
CHS76.1x3.6:0.006433389
CHS76.1x4:0.00711
CHS76.1x5:0.00877
CHS76.1x6:0.010367369
CHS76.1x6.3:0.010839154
CHS88.9x2.5:0.005324184
CHS88.9x3:0.006352047
CHS88.9x3.2:0.00676
CHS88.9x3.6:0.007569213
CHS88.9x4:0.00838
CHS88.9x5:0.0103
CHS88.9x6:0.012260413
CHS88.9x6.3:0.012826845
CHS114.3x3:0.008230301
CHS114.3x3.2:0.008763214
CHS114.3x3.6:0.00983
CHS114.3x4:0.010875139
CHS114.3x5:0.0135
CHS114.3x6:0.0166
CHS114.3x6.3:0.0168
CHS139.7x3.2:0.010766683
CHS139.7x3.6:0.012077021
CHS139.7x4:0.013379477
CHS139.7x5:0.0166
CHS139.7x6:0.0201
CHS139.7x6.3:0.0207
CHS139.7x8:0.026
CHS139.7x10:0.032
CHS168.3x3.2:0.013022561
CHS168.3x3.6:0.014614887
CHS168.3x4:0.016199323
CHS168.3x5:0.0201
CHS168.3x6:0.0233
CHS168.3x6.3:0.0252
CHS168.3x8:0.0316
CHS168.3x10:0.039
CHS168.3x12:0.046231664
CHS168.3x12.5:0.048003928
CHS193.7x5:0.0233
CHS193.7x6:0.027759704
CHS193.7x6.3:0.0291
CHS193.7x8:0.0366
CHS193.7x10:0.0453
CHS193.7x12:0.0559
CHS193.7x12.5:0.0559
CHS193.7x16:0.0701
CHS219.1x5:0.0264
CHS219.1x6:0.031516211
CHS219.1x6.3:0.0331
CHS219.1x8:0.0416
CHS219.1x10:0.0516
CHS219.1x12:0.061257695
CHS219.1x12.5:0.0637
CHS219.1x16:0.0801
CHS219.1x20:0.0982
CHS244.5x5:0.029517178
CHS244.5x6:0.035272719
CHS244.5x6.3:0.037
CHS244.5x8:0.0467
CHS244.5x10:0.0578
CHS244.5x12:0.06877071
CHS244.5x12.5:0.0715
CHS244.5x16:0.0902
CHS244.5x20:0.111
CHS244.5x25:0.135
CHS273x5:0.03302966
CHS273x6:0.039487698
CHS273x6.3:0.0414
CHS273x8:0.0523
CHS273x10:0.0649
CHS273x12:0.077200668
CHS273x12.5:0.0803
CHS273x16:0.101
CHS273x20:0.125
CHS273x25:0.153
CHS323.9x5:0.037
CHS323.9x6:0.0467
CHS323.9x6.3:0.0493
CHS323.9x8:0.0623
CHS323.9x10:0.0774
CHS323.9x12:0.092256277
CHS323.9x12.5:0.096
CHS323.9x16:0.121
CHS323.9x20:0.15
CHS323.9x25:0.184
CHS355.6x6.3:0.054242346
CHS355.6x8:0.0686
CHS355.6x10:0.0852
CHS355.6x12:0.101632757
CHS355.6x12.5:0.106
CHS355.6x16:0.134
CHS355.6x20:0.166
CHS355.6x25:0.204
CHS406.4x6.3:0.062131007
CHS406.4x8:0.078561293
CHS406.4x10:0.0978
CHS406.4x12:0.116658787
CHS406.4x12.5:0.121
CHS406.4x16:0.154
CHS406.4x20:0.191
CHS406.4x25:0.235
CHS406.4x32:0.295
CHS457x6.3:0.069988614
CHS457x8:0.088539208
CHS457x10:0.11
CHS457x12:0.13162566
CHS457x12.5:0.137
CHS457x16:0.174
CHS457x20:0.216
CHS457x25:0.266
CHS457x32:0.335
CHS457x40:0.411
CHS508x6.3:0.077908338
CHS508x8:0.098596
CHS508x10:0.123
CHS508x12:0.153
CHS508x12.5:0.153
CHS508x16:0.194
CHS508x20:0.241
CHS508x25:0.298
CHS508x32:0.376
CHS508x40:0.462
CHS508x50:0.565
CHS559x20:0.26571622
CHS559x25:0.32906415
CHS559x32:0.415680736
CHS559x40:0.51171324
CHS559x50:0.62731705
CHS610x20:0.2908582
CHS610x25:0.360491625
CHS610x32:0.455907904
CHS610x40:0.5619972
CHS610x50:0.690172
CHS660x20:0.3155072
CHS660x25:0.391302875
CHS660x32:0.495346304
CHS660x40:0.6112952
CHS660x50:0.7517945