L25x25x3:0.00111
L25x25x4:0.00145
L25x25x5:0.00177
L30x30x3:0.00136
L30x30x4:0.00178
L30x30x5:0.00218
L40x40x3:0.00184
L40x40x4:0.00242
L40x40x5:0.00297
L40x40x6:0.00352
L45x45x3:0.00209
L45x45x4:0.00274
L45x45x5:0.00338
L45x45x6:0.004
L50x50x3:0.00233
L50x50x4:0.00306
L50x50x5:0.00377
L50x50x6:0.00447
L50x50x8:0.00582
L60x60x5:0.00457
L60x60x6:0.00542
L60x60x8:0.00709
L60x60x10:0.00869
L70x70x6:0.00638
L70x70x8:0.00836
L70x70x10:0.0103
L80x80x6:0.00734
L80x80x8:0.00963
L80x80x10:0.0119
L90x90x6:0.0083
L90x90x7:0.00961
L90x90x8:0.0109
L90x90x10:0.0134
L90x90x12:0.0159
L100x100x8:0.0122
L100x100x10:0.015
L100x100x12:0.0178
L100x100x15:0.0219
L120x120x8:0.0147
L120x120x10:0.0182
L120x120x12:0.0216
L120x120x15:0.0266
L150x150x10:0.023
L150x150x12:0.0273
L150x150x15:0.0338
L150x150x18:0.0401
L200x200x16:0.0485
L200x200x18:0.0542
L200x200x20:0.0599
L200x200x24:0.0711
L250x250x25:0.0936
L250x250x28:0.104
L250x250x32:0.118
L250x250x35:0.128
L40x25x4:0.00193
L60x30x5:0.00337
L60x30x6:0.00399
L65x50x5:0.00435
L65x50x6:0.00516
L65x50x8:0.00675
L75x50x6:0.00565
L75x50x8:0.00739
L80x60x6:0.00637
L80x60x7:0.00736
L80x60x8:0.00834
L100x65x7:0.00877
L100x65x8:0.00994
L100x65x10:0.0123
L100x75x8:0.0106
L100x75x10:0.013
L100x75x12:0.0154
L125x75x6.5:0.00998
L125x75x8:0.0122
L125x75x10:0.015
L125x75x12:0.0178
L137x102x6.4:0.0117
L137x102x7.9:0.0145
L137x102x9.5:0.0173
L150x75x10:0.017
L150x75x12:0.0202
L150x75x15:0.0248
L150x90x10:0.0182
L150x90x12:0.0216
L150x90x15:0.0266
L200x100x10:0.023
L200x100x12:0.0273
L200x100x15:0.0337
L200x150x12:0.032
L200x150x15:0.0396
L200x150x18:0.0471