SHS40x40x3.0:0.00341
SHS40x40x3.2:0.00361
SHS40x40x4.0:0.00439
SHS40x40x5.0:0.00528
SHS50x50x3.0:0.00435
SHS50x50x3.2:0.00462
SHS50x50x4.0:0.00564
SHS50x50x5.0:0.00685
SHS50x50x6.3:0.00831
SHS60x60x3.0:0.00529
SHS60x60x3.2:0.00562
SHS60x60x4.0:0.0069
SHS60x60x5.0:0.00842
SHS60x60x6.3:0.0103
SHS60x60x8.0:0.0125
SHS70x70x3.0:0.00624
SHS70x70x3.6:0.0074
SHS70x70x5.0:0.00999
SHS70x70x6.3:0.0123
SHS70x70x8.0:0.015
SHS80x80x3.0:0.00718
SHS80x80x3.6:0.00853
SHS80x80x4.0:0.00941
SHS80x80x5.0:0.0116
SHS80x80x6.3:0.0142
SHS80x80x8.0:0.0175
SHS90x90x3.6:0.00966
SHS90x90x4.0:0.0107
SHS90x90x5.0:0.0131
SHS90x90x6.3:0.0162
SHS90x90x8.0:0.0201
SHS100x100x4.0:0.0119
SHS100x100x5.0:0.0147
SHS100x100x6.3:0.0182
SHS100x100x8.0:0.0226
SHS100x100x10.0:0.0274
SHS120x120x4.0:0.0144
SHS120x120x5.0:0.0178
SHS120x120x6.3:0.0222
SHS120x120x8.0:0.0276
SHS120x120x10.0:0.0337
SHS120x120x12.5:0.0409
SHS140x140x5.0:0.021
SHS140x140x6.3:0.0261
SHS140x140x8.0:0.0326
SHS140x140x10.0:0.04
SHS140x140x12.5:0.0487
SHS150x150x5.0:0.0226
SHS150x150x6.3:0.0281
SHS150x150x8.0:0.0351
SHS150x150x10.0:0.0431
SHS150x150x12.5:0.0527
SHS150x150x16.0:0.0652
SHS160x160x5.0:0.0241
SHS160x160x6.3:0.0301
SHS160x160x8.0:0.0376
SHS160x160x10.0:0.0463
SHS160x160x12.5:0.0566
SHS160x160x16.0:0.0702
SHS180x180x5.0:0.0273
SHS180x180x6.3:0.034
SHS180x180x8.0:0.0427
SHS180x180x10.0:0.0525
SHS180x180x12.5:0.0644
SHS180x180x16.0:0.0802
SHS200x200x5.0:0.0304
SHS200x200x6.3:0.038
SHS200x200x8.0:0.0477
SHS200x200x10.0:0.0588
SHS200x200x12.5:0.0723
SHS200x200x16.0:0.0903
SHS250x250x6.3:0.0479
SHS250x250x8.0:0.0603
SHS250x250x10.0:0.0745
SHS250x250x12.5:0.0919
SHS250x250x16.0:0.115
SHS300x300x6.3:0.0578
SHS300x300x8.0:0.0728
SHS300x300x10.0:0.0902
SHS300x300x12.5:0.112
SHS300x300x16.0:0.141
SHS350x350x8.0:0.0854
SHS350x350x10.0:0.106
SHS350x350x12.5:0.131
SHS350x350x16.0:0.166
SHS400x400x8.0:0.0979
SHS400x400x10.0:0.122
SHS400x400x12.5:0.151
SHS400x400x16.0:0.191
SHS400x400x20.0:0.235